=== Run information ===

Scheme:       weka.classifiers.lazy.KStar -B 20 -M a
Relation:     test
Instances:    520
Attributes:   14
              Shape
              Feature1
              Feature2
              Feature3
              Feature4
              Feature5
              Feature6
              Feature7
              Feature8
              Feature9
              Feature10
              Feature11
              Feature12
              Feature13
Test mode:    10-fold cross-validation

=== Classifier model (full training set) ===

KStar Beta Verion (0.1b).
Copyright (c) 1995-97 by Len Trigg (trigg@cs.waikato.ac.nz).
Java port to Weka by Abdelaziz Mahoui (am14@cs.waikato.ac.nz).

KStar options : -B 20 -M a 

Time taken to build model: 0 seconds

=== Stratified cross-validation ===
=== Summary ===

Correctly Classified Instances         427               82.1154 %
Incorrectly Classified Instances        93               17.8846 %
Kappa statistic                          0.814 
Mean absolute error                      0.014 
Root mean squared error                  0.1074
Relative absolute error                 18.9882 %
Root relative squared error             55.8506 %
Total Number of Instances              520     

=== Detailed Accuracy By Class ===

                 TP Rate  FP Rate  Precision  Recall   F-Measure  MCC      ROC Area  PRC Area  Class
                 0.700    0.010    0.737      0.700    0.718      0.707    0.993     0.884     a
                 0.850    0.000    1.000      0.850    0.919      0.919    0.996     0.956     b
                 0.800    0.010    0.762      0.800    0.780      0.772    0.991     0.889     c
                 0.900    0.022    0.621      0.900    0.735      0.736    0.985     0.880     d
                 0.750    0.012    0.714      0.750    0.732      0.721    0.993     0.885     e
                 0.900    0.012    0.750      0.900    0.818      0.814    0.993     0.897     f
                 0.550    0.014    0.611      0.550    0.579      0.564    0.986     0.713     g
                 0.700    0.006    0.824      0.700    0.757      0.751    0.973     0.810     h
                 0.900    0.002    0.947      0.900    0.923      0.920    0.968     0.926     i
                 0.900    0.010    0.783      0.900    0.837      0.832    0.959     0.899     j
                 0.850    0.010    0.773      0.850    0.810      0.803    0.993     0.866     k
                 0.800    0.002    0.941      0.800    0.865      0.863    0.993     0.909     l
                 0.800    0.002    0.941      0.800    0.865      0.863    0.998     0.956     m
                 0.800    0.008    0.800      0.800    0.800      0.792    0.951     0.835     n
                 0.850    0.004    0.895      0.850    0.872      0.867    0.992     0.936     o
                 0.900    0.004    0.900      0.900    0.900      0.896    0.999     0.979     p
                 0.750    0.004    0.882      0.750    0.811      0.807    0.992     0.878     q
                 0.800    0.006    0.842      0.800    0.821      0.814    0.995     0.883     r
                 0.750    0.000    1.000      0.750    0.857      0.862    0.998     0.956     s
                 0.900    0.008    0.818      0.900    0.857      0.852    0.998     0.956     t
                 0.800    0.004    0.889      0.800    0.842      0.837    0.985     0.891     u
                 0.850    0.010    0.773      0.850    0.810      0.803    0.994     0.921     v
                 0.950    0.006    0.864      0.950    0.905      0.902    0.999     0.965     w
                 0.750    0.004    0.882      0.750    0.811      0.807    0.993     0.900     x
                 1.000    0.012    0.769      1.000    0.870      0.872    0.998     0.953     y
                 0.850    0.004    0.895      0.850    0.872      0.867    0.999     0.982     z
Weighted Avg.    0.821    0.007    0.831      0.821    0.822      0.817    0.989     0.904     

=== Confusion Matrix ===

  a  b  c  d  e  f  g  h  i  j  k  l  m  n  o  p  q  r  s  t  u  v  w  x  y  z   <-- classified as
 14  0  1  1  0  0  1  0  0  0  0  0  0  0  1  0  1  0  0  0  0  0  0  1  0  0 |  a = a
  0 17  1  1  0  0  0  0  0  0  1  0  0  0  0  0  0  0  0  0  0  0  0  0  0  0 |  b = b
  0  0 16  3  0  0  0  0  1  0  0  0  0  0  0  0  0  0  0  0  0  0  0  0  0  0 |  c = c
  0  0  1 18  0  0  1  0  0  0  0  0  0  0  0  0  0  0  0  0  0  0  0  0  0  0 |  d = d
  0  0  0  1 15  0  0  0  0  0  0  0  0  0  0  0  0  0  0  0  1  1  1  0  1  0 |  e = e
  0  0  0  0  0 18  1  0  0  1  0  0  0  0  0  0  0  0  0  0  0  0  0  0  0  0 |  f = f
  0  0  0  1  0  4 11  0  0  0  0  0  0  0  0  0  1  0  0  0  0  0  0  0  3  0 |  g = g
  0  0  0  0  0  0  1 14  0  0  3  0  0  1  0  0  0  0  0  0  0  0  0  0  0  1 |  h = h
  0  0  1  0  0  0  0  0 18  0  0  0  0  0  0  0  0  0  0  1  0  0  0  0  0  0 |  i = i
  0  0  0  0  0  0  0  0  0 18  0  0  0  0  0  0  0  1  0  0  0  0  0  0  1  0 |  j = j
  0  0  0  0  0  0  0  2  0  0 17  0  0  0  0  1  0  0  0  0  0  0  0  0  0  0 |  k = k
  0  0  0  0  2  0  0  0  0  0  0 16  0  0  0  1  0  0  0  1  0  0  0  0  0  0 |  l = l
  0  0  0  0  0  0  0  0  0  2  0  0 16  0  0  0  0  0  0  0  0  0  1  0  1  0 |  m = m
  0  0  0  0  0  0  0  0  0  1  0  0  1 16  0  0  0  1  0  0  0  0  0  0  0  1 |  n = n
  2  0  0  0  0  0  0  0  0  0  0  0  0  0 17  0  0  0  0  0  1  0  0  0  0  0 |  o = o
  0  0  0  0  0  0  0  0  0  0  1  1  0  0  0 18  0  0  0  0  0  0  0  0  0  0 |  p = p
  1  0  0  1  0  0  3  0  0  0  0  0  0  0  0  0 15  0  0  0  0  0  0  0  0  0 |  q = q
  0  0  0  0  0  0  0  0  0  0  0  0  0  1  0  0  0 16  0  0  0  3  0  0  0  0 |  r = r
  0  0  1  0  0  2  0  0  0  1  0  0  0  0  0  0  0  0 15  0  0  0  0  1  0  0 |  s = s
  0  0  0  2  0  0  0  0  0  0  0  0  0  0  0  0  0  0  0 18  0  0  0  0  0  0 |  t = t
  0  0  0  0  2  0  0  0  0  0  0  0  0  1  0  0  0  0  0  0 16  1  0  0  0  0 |  u = u
  0  0  0  0  0  0  0  0  0  0  0  0  0  0  0  0  0  1  0  1  0 17  1  0  0  0 |  v = v
  0  0  0  0  1  0  0  0  0  0  0  0  0  0  0  0  0  0  0  0  0  0 19  0  0  0 |  w = w
  2  0  0  1  0  0  0  0  0  0  0  0  0  0  1  0  0  0  0  1  0  0  0 15  0  0 |  x = x
  0  0  0  0  0  0  0  0  0  0  0  0  0  0  0  0  0  0  0  0  0  0  0  0 20  0 |  y = y
  0  0  0  0  1  0  0  1  0  0  0  0  0  1  0  0  0  0  0  0  0  0  0  0  0 17 |  z = z

