=== Run information ===

Scheme:       weka.classifiers.trees.RandomForest -P 100 -I 100 -num-slots 1 -K 0 -M 1.0 -V 0.001 -S 1
Relation:     test
Instances:    520
Attributes:   14
              Shape
              Feature1
              Feature2
              Feature3
              Feature4
              Feature5
              Feature6
              Feature7
              Feature8
              Feature9
              Feature10
              Feature11
              Feature12
              Feature13
Test mode:    10-fold cross-validation

=== Classifier model (full training set) ===

RandomForest

Bagging with 100 iterations and base learner

weka.classifiers.trees.RandomTree -K 0 -M 1.0 -V 0.001 -S 1 -do-not-check-capabilities

Time taken to build model: 0.33 seconds

=== Stratified cross-validation ===
=== Summary ===

Correctly Classified Instances         449               86.3462 %
Incorrectly Classified Instances        71               13.6538 %
Kappa statistic                          0.858 
Mean absolute error                      0.0299
Root mean squared error                  0.1028
Relative absolute error                 40.4141 %
Root relative squared error             53.4332 %
Total Number of Instances              520     

=== Detailed Accuracy By Class ===

                 TP Rate  FP Rate  Precision  Recall   F-Measure  MCC      ROC Area  PRC Area  Class
                 0.900    0.008    0.818      0.900    0.857      0.852    0.997     0.952     a
                 0.850    0.004    0.895      0.850    0.872      0.867    0.994     0.929     b
                 0.800    0.004    0.889      0.800    0.842      0.837    0.995     0.913     c
                 0.900    0.010    0.783      0.900    0.837      0.832    0.992     0.909     d
                 0.850    0.010    0.773      0.850    0.810      0.803    0.993     0.888     e
                 0.800    0.006    0.842      0.800    0.821      0.814    0.995     0.911     f
                 0.800    0.004    0.889      0.800    0.842      0.837    0.997     0.891     g
                 0.700    0.012    0.700      0.700    0.700      0.688    0.949     0.775     h
                 0.900    0.000    1.000      0.900    0.947      0.947    0.967     0.942     i
                 0.900    0.002    0.947      0.900    0.923      0.920    0.964     0.927     j
                 0.850    0.008    0.810      0.850    0.829      0.823    0.996     0.920     k
                 0.850    0.008    0.810      0.850    0.829      0.823    0.994     0.920     l
                 0.950    0.002    0.950      0.950    0.950      0.948    1.000     0.993     m
                 0.700    0.008    0.778      0.700    0.737      0.728    0.937     0.785     n
                 0.950    0.006    0.864      0.950    0.905      0.902    0.997     0.959     o
                 0.900    0.000    1.000      0.900    0.947      0.947    0.995     0.954     p
                 0.750    0.010    0.750      0.750    0.750      0.740    0.991     0.865     q
                 0.850    0.008    0.810      0.850    0.829      0.823    0.998     0.943     r
                 0.900    0.002    0.947      0.900    0.923      0.920    0.999     0.981     s
                 0.950    0.002    0.950      0.950    0.950      0.948    0.999     0.985     t
                 0.900    0.002    0.947      0.900    0.923      0.920    0.993     0.933     u
                 0.800    0.008    0.800      0.800    0.800      0.792    0.995     0.939     v
                 0.950    0.006    0.864      0.950    0.905      0.902    0.997     0.960     w
                 0.950    0.002    0.950      0.950    0.950      0.948    0.997     0.969     x
                 0.950    0.004    0.905      0.950    0.927      0.924    0.998     0.951     y
                 0.850    0.006    0.850      0.850    0.850      0.844    0.994     0.898     z
Weighted Avg.    0.863    0.005    0.866      0.863    0.864      0.859    0.989     0.923     

=== Confusion Matrix ===

  a  b  c  d  e  f  g  h  i  j  k  l  m  n  o  p  q  r  s  t  u  v  w  x  y  z   <-- classified as
 18  0  0  0  0  0  0  0  0  0  0  0  0  0  2  0  0  0  0  0  0  0  0  0  0  0 |  a = a
  0 17  0  0  0  0  0  0  0  0  1  1  0  0  1  0  0  0  0  0  0  0  0  0  0  0 |  b = b
  1  0 16  3  0  0  0  0  0  0  0  0  0  0  0  0  0  0  0  0  0  0  0  0  0  0 |  c = c
  0  0  1 18  0  0  0  0  0  0  0  0  0  0  0  0  1  0  0  0  0  0  0  0  0  0 |  d = d
  0  0  0  1 17  0  0  0  0  0  0  1  0  0  0  0  0  0  0  0  0  0  1  0  0  0 |  e = e
  0  0  0  0  0 16  0  0  0  0  0  2  0  0  0  0  1  0  1  0  0  0  0  0  0  0 |  f = f
  0  0  0  0  0  1 16  0  0  0  0  0  0  0  0  0  2  0  0  0  0  0  0  0  1  0 |  g = g
  0  0  0  0  0  0  0 14  0  0  2  0  0  3  0  0  0  0  0  0  0  0  0  0  0  1 |  h = h
  0  0  1  1  0  0  0  0 18  0  0  0  0  0  0  0  0  0  0  0  0  0  0  0  0  0 |  i = i
  0  0  0  0  0  0  0  0  0 18  0  0  0  0  0  0  0  1  0  0  0  0  0  0  1  0 |  j = j
  0  0  0  0  0  0  0  3  0  0 17  0  0  0  0  0  0  0  0  0  0  0  0  0  0  0 |  k = k
  0  1  0  0  1  0  0  0  0  0  0 17  0  0  0  0  1  0  0  0  0  0  0  0  0  0 |  l = l
  0  0  0  0  0  0  0  0  0  1  0  0 19  0  0  0  0  0  0  0  0  0  0  0  0  0 |  m = m
  0  0  0  0  0  0  0  1  0  0  0  0  1 14  0  0  0  1  0  0  0  1  0  0  0  2 |  n = n
  0  0  0  0  0  0  0  0  0  0  0  0  0  0 19  0  0  0  0  0  1  0  0  0  0  0 |  o = o
  0  0  0  0  0  0  0  1  0  0  1  0  0  0  0 18  0  0  0  0  0  0  0  0  0  0 |  p = p
  2  1  0  0  0  0  2  0  0  0  0  0  0  0  0  0 15  0  0  0  0  0  0  0  0  0 |  q = q
  0  0  0  0  0  0  0  0  0  0  0  0  0  1  0  0  0 17  0  0  0  2  0  0  0  0 |  r = r
  0  0  0  0  0  2  0  0  0  0  0  0  0  0  0  0  0  0 18  0  0  0  0  0  0  0 |  s = s
  0  0  0  0  0  0  0  0  0  0  0  0  0  0  0  0  0  0  0 19  0  0  0  1  0  0 |  t = t
  0  0  0  0  1  0  0  0  0  0  0  0  0  0  0  0  0  0  0  0 18  1  0  0  0  0 |  u = u
  0  0  0  0  0  0  0  0  0  0  0  0  0  0  0  0  0  2  0  1  0 16  1  0  0  0 |  v = v
  0  0  0  0  1  0  0  0  0  0  0  0  0  0  0  0  0  0  0  0  0  0 19  0  0  0 |  w = w
  1  0  0  0  0  0  0  0  0  0  0  0  0  0  0  0  0  0  0  0  0  0  0 19  0  0 |  x = x
  0  0  0  0  0  0  0  0  0  0  0  0  0  0  0  0  0  0  0  0  0  0  1  0 19  0 |  y = y
  0  0  0  0  2  0  0  1  0  0  0  0  0  0  0  0  0  0  0  0  0  0  0  0  0 17 |  z = z

